552.310825
404.829299
473.600941
444.273146
303.364626
206.927962
166.698329
501.383283
272.761505
675.237654
55.953652
328.515608
704.115250
256.264754
784.473967
68.918826
726.195532
82.905050
737.660233
406.533420
697.959117
267.274534
554.235151
446.000018
290.170247
26.563069
686.950369
80.088614
701.776951
359.957872
346.321891
485.408062
742.342286
531.764254
316.896919
351.336699
522.047939
743.161986
759.365551
246.561259
477.589870
626.677872
271.086272
644.396993
753.815115
54.112206
685.812369
781.797451
711.827317
436.675226
691.633025
366.760371
640.375322
699.090751
657.632922
149.395253
69.925754
510.886477
187.828548
370.714657
6.928496
508.373425
337.579592
762.972988
168.886249
776.629690
209.740785
685.794392
465.484836
566.147332
229.494205
255.244817
515.517390
686.956136
535.443106
355.076605
45.660067
622.184657
476.159373
82.563229
240.343661
760.624733
532.910384
758.231645
703.671812
560.992318
301.413827
491.172189
690.649350
109.800878
352.308477
220.382975
150.260960
405.425325
456.837652
538.589650
499.277754
49.977178
440.814606
451.599253
429.728407
84.282680
480.026790
221.782763
274.543300
592.491089
771.109601
249.866669
301.733113
448.177966
378.638117
777.124490
507.670258
284.203684
299.027668
272.644814
3.138783
587.543365
472.775614
480.217056
701.807456
246.252708
11.570288
799.196541
428.138791
664.638920
743.047554
3.368151
361.267309
581.393233
244.315406
749.310049
90.822988
261.185711
98.167749
733.565076
704.861176
718.656187
203.007528
423.496780
767.197688
195.174251
325.890938
771.669455
732.148083
568.560380
80.129391
553.418378
690.241144
199.666490
218.036613
775.195303
81.767222
340.915563
719.773844
746.087815
89.224958
731.387144
308.029547
633.647290
74.220651
263.729181
4.714818
736.253691
491.810854
165.722652
87.326852
216.243164
113.848829
416.653567
473.501928
176.576177
500.752488
787.838513
429.670550
127.012554
656.695147
651.990118
237.087311
415.596314
26.316462
288.234429
246.368976
21.452276
589.099382
729.170802
725.884960
206.821463
381.877314
78.780022
219.451991
624.216085
677.179070
125.026991
442.153423
664.390151
113.455281
740.594534
218.766455
440.987248
388.365440
639.717022
2.422649
745.069088
37.651490
82.949225
596.509092
278.942761
587.054757
799.158877
268.349807
130.823458
786.029328
513.525014
108.295910
451.020599
150.255320
63.031574
480.043359
745.939226
337.823267
130.171522
348.842471
434.015359
446.890865
771.315016
374.263056
76.995898
241.707805
441.117246
79.024526
51.119706
299.351704
1.029457
190.682964
415.786346
258.116271
754.244218
226.902634
171.745332
457.464462
207.089314
707.672263
6.297727
305.911660
254.505620
455.584318
236.003782
357.244038
409.490402
187.667492
794.971440
413.147874
49.375449
412.784084
425.452674
31.184238
193.637069
772.235780
254.924397
305.363445
529.053198
716.616899
320.387145
276.801070
320.492203
400.015578
534.601538
256.196242
197.346403
488.192837
405.054710
455.964635
486.210989
479.528601
793.372770
108.359525
430.259007
21.220926
333.654457
198.631971
146.647376
66.454263
767.069743
409.483965
736.590276
508.819424
404.575294
698.561712
537.117718
786.233569
64.094807
229.013722
226.823090
399.203908
25.307693
588.492413
512.485450
268.934273
151.055025
565.610931
699.567076
220.321654
687.432618
190.700404
266.341141
345.904464
613.502243
445.748037
93.458172
433.466591
538.764427
475.135878
550.102995
757.644588
693.295610
537.396464
430.191001
497.203951
143.707114
521.655917
67.556097
308.758185
559.002619
696.323312
63.147009
169.338172
669.453904
116.446727
162.011080
638.867299
774.214271
88.836962
739.667753
58.879045
220.551751
411.955419
333.276832
336.322964
403.484464
555.866939
545.643511
122.540129
518.532568
197.276279
75.476627
723.388596
88.129439
768.306543
493.954348
630.519565
228.766886
645.196355
501.980039
403.376097
574.438487
225.822169
154.134756
135.091951
362.205461
20.892719
527.111083
436.496532
753.113967
11.680901
116.194684
750.357857
411.601783
560.290679
647.743716
56.354292
654.483753
168.670460
434.151304
31.289681
142.875431
412.006204
528.538524
225.757190
449.344963
479.904788
641.941780
694.278327
237.346348
173.396530
142.781743
646.218663
130.244170
562.820997
312.066026
395.294120
208.429703
693.598426
42.206724
720.674308
528.804542
786.807642
190.783414
765.274149
483.520703
35.046461
259.761124
412.510868
320.072412
318.376079
519.888265
400.266198
525.194247
135.927249
224.320256
488.909558
496.223860
666.856082
30.173071
769.015456
702.738225
301.180573
781.495673
746.953246
544.827003
347.723934
58.571751
528.788470
534.721825
269.748257
122.005571
15.877698
40.992716
409.172535
31.863921
466.805374
283.890892
732.600099
643.047647
327.330128
714.554798
633.237831
723.742536
161.920352
507.910841
425.652234
620.695439
608.139118
503.165525
668.702375
93.381315
386.989816
598.465377
303.428285
206.968812
362.446249
376.296935
383.928361
387.648645
171.056670
643.260431
263.117120
459.875437
89.997944
519.462825
176.033970
553.480117
471.842985
184.825602
256.157172
687.905812
25.597391
180.102573
379.860810
497.267289
196.200764
416.633794
648.071006
226.299498
541.983297
611.077000
410.223098
234.548495
701.479282
715.473728
98.427266
78.612875
534.114508
328.482757
699.667731
707.909652
409.730862
15.007953
211.115571
516.086266
265.350604
104.922733
321.201634
702.470666
372.850169
111.907892
796.488404
653.088931
330.061695
792.747788
468.714536
253.368740
418.638092
248.615043
368.723197
567.284252
126.295382
656.508188
440.116431
469.578933
358.777513
194.012882
73.980573
796.617521
321.986842
132.726672
576.569365
546.693746
341.952516
492.909263
62.352168
469.072919
179.129884
95.623239
639.404201
632.041280
747.659541
500.230358
597.909347
515.467638
218.647826
573.047994
548.543865
68.076106
352.056189
146.205891
693.179008
706.279986
608.139637
355.327528
310.718185
783.376126
786.367791
499.339732
592.128105
542.443046
115.772945
15.249007
350.365131
391.129211
719.215809
796.915643
167.681496
44.873797
627.118507
250.054922
210.138694
755.791874
752.339790
545.820345
483.934688
426.878084
318.068194
533.255214
415.667162
527.066751
353.358136
330.320281
686.276379
201.064677
395.583705
161.813379
702.578566
759.746699
710.368720
429.741633
734.199705
280.600534
61.762223
20.017380
11.108989
608.965222
43.265410
701.085112
413.278594
180.152160
793.302365
513.231499
285.092311
81.545141
725.504397
667.221668
231.423788
299.348229
462.888592
498.088141
299.692423
676.465443
771.391647
376.461974
466.260133
76.816967
69.925264
413.366466
183.070603
673.963397
319.215742
362.987078
783.927695
131.666848
351.150546
480.447259
34.421363
161.957280
41.800237
453.683922
326.102763
437.708988
235.127095
552.523803
188.205997
343.856340
210.929683
272.740147
772.668817
631.963087
452.502241
318.724522
496.973111
295.532365
211.704931
223.671119
790.315986
23.456440
525.602752
651.628792
326.807532
266.477242
788.661552
450.173124
104.606359
689.671319
257.418266
776.903403
104.696326
193.812738
104.166345
208.137880
476.186020
23.148147
690.471605
659.713595
14.677569
604.867247
137.093605
266.846662
481.761622
398.944288
384.116958
64.398267
141.166421
199.200233
181.060789
423.794531
525.689547
65.451719
255.002886
297.624515
433.499958
628.177192
318.547616
498.050154
185.795652
483.430455
330.658291
743.864258
596.873620
769.173354
211.903785
48.855955
598.503724
212.356618
455.001465
370.891499
511.680712
75.200487
69.240831
314.467696
210.710239
501.083712
764.760630
702.003394
410.547762
544.016548
517.883312
447.782814
783.527728
18.603827
571.590598
146.618367
698.987117
468.753819
670.418193
153.265883
604.826139
555.096417
301.278338
137.753973
714.293510
386.832530
542.943883
8.372498
735.757154
554.714453
325.402975
530.028400
478.304689
662.873610
180.823785
418.379702
422.160696
207.485460
637.460598
118.374513
410.276224
779.892744
481.368241
568.266292
514.777224
483.689253
578.249879
638.717247
602.530094
435.131771
496.917342
659.581845
559.371998
361.124489
356.276909
1.839256
780.318522
273.355578
714.435054
481.928188
10.220093
341.451115
633.086606
525.504769
179.198116
681.745492
167.663496
545.659950
574.214568
679.634828
176.152937
449.431103
651.596817
369.157687
301.794640
164.460555
119.922008
186.474058
421.436936
337.820737
514.058338
206.593923
148.028556
730.976928
192.618634
560.054202
397.317932
412.230888
18.822116
455.492076
235.606890
260.533671
508.873748
597.316796
333.286411
192.587414
57.628670
437.790887
66.918199
789.132816
767.717449
205.127459
650.527994
469.140453
403.006308
266.758661
96.632208
387.501241
453.039031
102.487374
789.709942
534.356343
409.914371
682.128399
546.585840
517.663850
469.061233
284.938240
209.104371
310.922279
751.310357
151.240052
148.763905
400.733692
487.376578
603.739247
405.069877
679.798264
580.149106
784.532085
506.941818
315.986844
115.528337
23.956242
84.918972
260.271670
673.700469
235.048720
552.345186
458.606501
772.598613
284.069552
577.412553
200.315325
39.745067
627.687774
353.104123
137.405802
700.730369
266.942699
400.076525
173.940036
592.358668
411.142482
48.431964
187.713311
740.987889
687.888640
114.610597
760.324847
622.788500
631.239895
268.358563
108.224201
517.664641
178.068029
143.490694
381.180783
337.161579
323.444959
288.350449
354.014433
781.633241
124.587182
406.751269
367.435111
759.541426
345.458030
288.846105
279.131805
156.650505
403.581734
711.236122
708.074085
584.211766
123.367240
253.862070
423.061673
342.386310
588.574900
741.164020
636.077230
764.666116
110.049359
377.174037
278.340499
198.852311
268.966669
53.386107
450.384509
385.536042
734.337958
704.394019
369.441599
506.345787
658.334183
505.219580
530.954311
124.432238
780.893016
769.161727
461.710656
542.597037
538.239055
8.922682
593.297467
299.810897
639.342384
737.527797
515.432595
385.396531
36.653920
483.524430
698.701235
244.153836
650.918782
734.487380
282.619265
757.895352
131.453313
548.138459
608.447854
261.492985
761.978389
53.666890
751.857544
143.925397
751.515083
391.284759
129.196457
164.690605
489.178354
27.505624
778.854683
287.727256
432.068241
209.644064
318.878519
99.178491
692.189333
401.934338
432.515066
707.959953
545.621021
299.329205
275.812849
70.191599
727.393903
610.363118
527.661697
384.413749
124.159404
693.557482
463.728279
493.545732
560.662433
336.287657
302.669110
604.286593
61.833576
210.466035
457.318671
797.515764
296.946962
764.157047
637.485821
680.420402
301.053219
534.588430
620.330708
579.006396
606.917218
101.988745
606.150604
627.257158
365.321964
359.414277
377.923810
379.088814
541.422206
301.665535
231.258639
72.883599
436.342220
450.448292
251.786759
10.359051
383.383399
375.336136
357.957114
668.644383
119.586405
547.395773
461.891529
31.506166
749.476555
449.535887
242.507905
92.671726
492.949786
381.220324
439.737975
458.459836
18.312378
430.362585
284.108207
629.712387
68.213788
37.512633
464.983431
269.123208
74.995591
609.152516
142.448060
567.548000
706.477274
484.922121
484.793627
796.356099
195.212608
277.428754
687.206818
63.285433
324.789549
715.168181
123.556478
715.343326
428.257685
791.127572
254.790330
414.645260
675.018434
65.388907
366.636040
353.625296
651.677677
668.709890
425.951505
452.682457
31.359690
252.925555
211.166811
322.477132
228.182823
738.869942
309.587638
772.652019
547.496357
354.708382
498.024671
707.979987
242.018331
636.883153
130.022451
560.592630
484.740679
97.242961
451.837236
678.059417
450.729090
217.398750
503.279638
25.499731
499.898255
202.651792
773.522653
334.696484
127.047023
518.284913
272.606507
72.954848
189.344111
671.384216
453.494644
600.529806
307.146365
580.881888
424.508391
414.589842
673.084441
24.777955
231.560547
730.255942
631.727262
121.826096
119.614851
607.327641
191.548759
305.384197
188.261685
703.365146
712.135322
402.704808
690.516844
702.361869
319.661099
627.043314
475.212419
150.908630
74.221182
435.435826
300.662207
221.751905
596.546172
129.157128
492.074938
49.252539
430.021440
89.615986
244.301600
795.936949
23.263110
506.737974
532.570135
735.840995
56.178710
778.155383
763.400128
545.373308
568.538671
503.577674
186.280841
727.867927
618.869830
184.059424
698.449707
81.331071
117.024661
474.291475
578.644328
638.397301
283.941669
796.632167
513.110092
136.760433
486.711519
335.546827
481.212003
222.432471
563.068324
629.597470
150.027634
319.974929
565.552660
444.858788
795.076037
472.539210
446.717397
729.073151
35.846096
126.585017
180.065640
599.582709
355.051577
662.613913
107.324882
212.755486
559.290424
352.659198
613.892588
786.513165
48.392769
648.574000
331.740196
322.115461
607.152476
740.778154
457.514625
404.257060
258.333176
217.678874
407.292126
321.089548
264.621574
83.201343
385.319448
682.244169
80.868025
250.301432
460.016465
793.964552
157.752029
777.097428
518.151247
418.737471
506.979829
132.240940
361.177886
390.195849
17.280596
493.758992
128.829165
138.692671
710.025332
231.276785
521.471900
583.944085
380.883366
554.890836
770.805523
205.699672
325.638813
648.644607
683.757458
743.151924
308.506900
518.451759
321.479525
705.556198
610.247776
510.019573
514.217973
718.702457
178.446128
489.380211
772.479713
132.849651
355.001115
282.132976
667.201920
156.911548
464.586618
409.454436
528.765607
283.773881
98.593321
249.870198
161.261209
58.135094
749.069430
110.666100
93.486912
50.148216
98.586155
486.623792
97.108653
358.873359
334.914800
275.645891
363.544034
59.856694
262.555863
771.966462
221.323897
764.015456
429.933920
373.533729
789.670144
205.467235
782.905265
284.320146
657.096443
372.614226
310.159980
746.896070
63.174406
390.971964
532.933443
607.634773
346.559988
735.787361
355.932438
555.672230
550.469533
670.733266
106.772764
334.665324
557.339360
519.028402
250.643016
179.804536
676.056333
476.527413
212.949507
376.523308
495.866321
333.363107
687.829641
143.762832
614.367335
692.537023
8.592347
16.471973
227.492374
386.248666
469.258303
471.824107
605.137659
528.935708
710.101737
680.202431
221.238227
175.502024
361.758393
615.702544
739.905642
563.612250
636.490287
96.570331
204.638553
317.152460
782.974442
166.868725
641.785215
491.881632
434.667195
350.877831
321.231235
207.818960
151.951467
157.664236
633.570720
316.421433
717.976827
680.184937
240.193946
129.380468
567.434243
427.371915
93.174748
218.667084
70.153395
372.460081
430.098315
211.097875
228.332384
763.408168
256.902402
606.234548
476.174397
343.620218
447.173221
269.023594
324.712048
310.987337
399.603101
530.980159
476.033842
59.667136
400.606043
78.768596
678.760306
651.910186
201.747977
105.457018
188.337122
784.869007
136.877917
341.873057
471.160743
664.362213
691.384199
382.630007
474.624678
435.259767
83.924581
212.550968
497.622042
763.614310
269.168926
186.460474
11.181849
269.610442
610.951147
786.783533
27.773011
120.324130
262.792473
106.315141
285.727748
392.080425
25.366594
751.786505
626.370674
795.108397
662.656778
590.701004
624.237735
770.891300
610.878946
285.677327
444.872434
248.058095
462.393993
167.255627
564.465710
694.439687
298.150535
730.269361
4.806274
228.417400
616.552679
715.380643
515.780621
472.743690
66.440470
748.424529
113.521254
308.069951
93.588340
171.425505
190.348189
785.727648
133.815246
324.862297
341.661021
770.065524
155.425106
707.225064
510.731281
449.238536
126.348137
746.676382
486.064308
198.590772
465.804061
620.076915
770.815564
255.076475
373.446905
411.245548
545.669815
721.232732
47.172898
716.020143
464.944250
393.164631
254.405859
619.112863
691.003961
301.230623
9.078912
528.158182
63.090051
675.621225
38.527183
515.203373
280.059686
102.378667
799.317524
734.278421
583.377765
68.813482
65.979948
403.896989
50.200123
376.795647
67.244157
366.000654
233.903541
165.555112
625.004312
241.310780
668.557940
650.284501
158.860645
317.699790
61.496505
776.396950
155.454354
752.813889
160.493913
771.895798
496.151158
393.189721
55.349496
692.908961
742.157916
462.147828
424.881508
26.226697
360.741739
2.855273
372.698550
708.584095
752.660885
67.018460
636.544325
644.948166
182.859727
516.750385
279.503202
453.958862
73.005083
208.647114
621.509519
251.602397
179.867042
106.664656
191.357642
326.671861
444.067157
238.927701
620.225872
343.078803
510.982366
271.573254
205.352233
253.537324
269.410566
182.277977
395.638919
92.430453
479.426741
253.664417
118.012564
358.157565
176.801584
373.978868
383.642597
793.900594
224.977886
22.289188
773.758257
245.447647
750.749446
254.894659
745.860421
695.411195
33.303220
536.677949
782.098541
650.115846
330.426808
215.138614
291.951498
32.852309
426.643258
318.476157
568.413530
478.815247
273.957285
601.631584
544.550209
589.298107
258.330766
739.211837
759.182320
94.955014
692.772105
567.597596
246.037483
62.380667
280.895027
755.056645
681.841982
697.709286
198.122018
6.623163
387.533105
617.872019
114.527437
392.616196
529.714132
795.993843
380.132435
341.425796
82.923711
478.389365
11.692693
786.924177
453.206703
732.889634
106.454825
377.964445
256.516452
366.469294
399.714275
506.669921
393.627456
676.016096
606.768444
631.502395
435.916850
12.722835
80.167077
399.129631
608.804445
521.234046
23.555235
573.618664
213.402054
463.456261
141.696803
70.689604
743.482574
24.682655
155.928936
56.176549
27.157623
194.654171
697.208428
401.268162
78.434378
150.434781
745.389996
417.324692
565.137424
617.918836
171.940104
506.419863
653.043534
291.566250
535.596494
331.268261
630.754282
487.062543
486.472833
84.942069
143.104367
435.078951
663.367041
319.367637
44.548555
745.805356
386.952972
137.749326
663.981737
631.777857
422.859170
609.587848
61.301598
567.871663
314.512851
111.239909
509.564404
64.398921
716.336448
726.755761
130.885660
403.478170
700.939882
747.616679
185.593951
99.832915
107.267881
546.544546
130.611841
83.033816
65.060295
106.974093
37.715051
166.954342
780.320889
84.302670
508.892141
601.751927
554.213141
493.231282
758.789612
427.715976
405.781430
29.035905
575.188246
554.539805
743.917093
734.864073
467.809886
364.442129
755.299913
516.751654
105.356660
641.679860
762.912768
485.839179
654.922870
659.200484
347.960293
749.065919
601.636947
545.270133
248.975342
736.846488
323.336361
187.881152
740.476785
787.805337
47.609833
708.250045
107.289631
143.624054
324.100348
394.522262
286.977683
291.837671
535.121540
253.633209
274.121316
606.143439
724.300357
511.740824
487.174758
187.144733
557.562015
140.427833
466.699533
418.850116
416.167160
605.647313
356.803137
318.811885
320.396443
628.518361
665.711562
704.531687
665.137350
14.333427
791.872822
309.643606
193.928175
142.284626
205.063291
75.936287
475.442718
74.772873
278.611255
192.822305
327.192548
601.781490
697.473500
771.335260
361.408730
672.125146
625.930385
139.412952
412.531137
182.943228
497.401928
652.704619
453.225433
201.511631
264.107565
259.198729
455.052283
485.935288
341.609511
431.917947
321.596660
308.696593
322.297355
351.452747
493.296856
426.402261
357.687905
410.476879
225.892849
755.588802
512.075840
482.374813
49.402587
665.590518
538.103433
138.786756
80.466191
544.056475
705.991732
251.950047
379.036026
620.633058
621.194260
364.907929
505.872310
263.986667
120.068095
129.056893
234.994554
225.146055
125.273090
253.738763
293.400460
46.038022
152.382659
26.050320
599.626550
731.328018
444.304758
271.349192
102.628179
722.457403
316.810936
65.108168
122.108979
39.909512
440.013125
769.698269
105.614835
166.743392
205.373818
563.648871
464.052396
578.976094
200.901051
277.036308
354.886155
232.348890
164.621273
644.265930
268.408911
186.903548
271.460239
369.904937
99.000201
606.602428
405.471630
267.807521
726.197443
259.205063
104.498430
303.398344
772.374638
382.905885
777.941992
356.064396
660.294862
519.731658
498.519271
380.832918
344.315367
718.735387
607.476014
220.204676
361.619265
495.217687
723.791596
40.197936
545.188580
198.776696
362.055013
284.288330
369.366824
655.697581
708.344544
14.552130
26.325098
306.110692
52.179784
15.980742
230.018727
552.316151
647.726896
652.938582
112.254164
470.529664
403.136756
289.339211
606.400886
456.550729
378.007874
96.092070
14.044822
38.624641
229.037351
31.851811
328.057978
1.612500
204.169181
593.923451
708.074104
608.720481
503.120480
660.462634
289.388341
651.422474
123.733851
647.642104
370.286797
645.856659
6.295511
83.838891
111.843185
164.718360
391.210907
692.425599
737.744722
77.606950
219.352529
783.268968
379.942914
620.380928
772.775569
782.026227
72.986786
488.027230
481.599979
512.803915
466.060432
542.151370
532.709718
165.538697
520.938435
395.138463
602.806534
101.785416
24.038442
387.221383
790.771403
326.731261
787.106273
38.762543
36.632249
668.603619
243.714804
793.044681
652.269627
57.326563
434.920071
632.509520
186.682222
67.812818
774.876203
81.281949
271.796661
682.751421
143.034215
751.806091
159.923495
760.474356
445.955117
629.155804
753.131446
521.785161
638.493908
370.516210
346.595021
112.030831
420.979341
734.885504
683.834486
503.545460
735.135574
122.969536
706.666949
234.651279
523.851197
109.798340
218.841407
43.778500
451.841617
332.348071
500.290327
385.507092
384.652854
17.116030
163.569333
707.391532
126.192509
16.539143
766.138645
41.610291
5.508411
2.820890
31.654350
713.416414
216.290694
590.441289
755.923339
68.425586
682.012448
771.696064
775.785015
477.275513
409.739633
653.206242
753.269883
311.107060
587.836433
766.788006
414.930588
500.213581
272.929762
62.769128
101.463096
789.363069
787.155648
637.398502
52.758931
382.067363
671.488085
538.526935
209.024539
261.780354
280.917395
384.734622
774.834881
676.711822
317.442500
444.608004
280.738954
330.716331
199.005044
417.356731
75.415953
409.033109
616.945900
725.093607
64.551591
574.893364
306.523698
9.924291
678.973116
9.967753
20.347224
655.548947
23.080454
653.323480
318.177723
225.488145
417.170690
666.603687
380.755262
722.175227
630.639283
408.212641
739.199273
96.598964
2.738510
481.311641
606.785499
510.480691
721.438732
226.335580
439.208001
130.673896
100.876898
173.682359
465.962167
134.710986
412.823420
155.476194
315.721056
543.420232
476.615754
449.977022
51.881900
265.608412
741.350345
313.387151
568.853872
149.998405
566.648723
502.525882
761.191854
709.378934
455.629571
327.786290
175.981331
381.825204
79.039621
169.490516
193.279380
78.447549
653.144125
203.491453
259.332261
763.901996
733.051636
231.287494
785.305525
86.164033
266.888852
527.984878
235.657383
277.510686
746.155608
511.003622
294.521917
616.301398
7.429440
393.255407
165.435546
762.195284
538.812544
355.568151
505.341454
250.574852
756.890550
545.036591
565.744176
111.373410
35.515178
117.949307
783.289420
504.150511
790.171520
120.375649
260.863089
23.180842
552.299894
642.692667
429.177948
479.561095
755.353485
572.062174
39.399399
783.127855
20.888631
397.422155
240.870578
267.307628
352.587319
324.347964
488.038029
304.282509
184.106832
277.815715
565.177947
505.421625
773.842921
310.340206
277.869836
491.153117
87.525568
634.418021
605.468605
640.780182
408.715181
75.303187
299.452435
702.251681
178.665024
76.275206
441.866620
17.720842
475.362264
545.733390
52.814530
461.542422
495.867738
653.433718
321.754022
567.189533
427.854451
120.280179
405.474519
6.859321
376.454643
418.753770
474.235398
364.606424
239.439961
168.003729
236.395123
631.499562
50.452974
479.825569
13.288880
34.478355
723.168491
449.466631
89.841104
455.648468
342.588725
577.689025
322.339647
593.099828
360.143249
167.764808
73.348178
251.802030
104.073105
114.663892
160.829452
581.651163
192.627500
32.387662
410.028209
618.471012
397.868662
158.896359
265.244009
573.068803
78.112875
57.785435
370.169502
586.687126
180.694586
378.504902
6.850698
464.594174
573.167352
685.106617
124.623707
734.820602
194.363456
433.440335
429.850430
454.844741
41.957905
176.413354
502.807795
252.871115
747.749198
660.438376
588.706902
401.765709
152.488687
657.628434
541.999802
621.057093
25.689615
59.318753
94.500444
287.973249
301.208542
447.436727
365.165514
100.138846
628.684902
579.865019
569.430107
672.393497
563.347829
571.269660
785.280756
343.153157
559.992560
135.413138
637.256499
223.540094
678.528608
757.151082
210.519978
685.698361
57.664994
154.617920
300.052575
43.916694
737.529138
232.186886
225.104184
35.236741
367.685343
263.317263
7.218378
185.052924
192.069477
715.156423
64.988665
658.938171
733.548328
291.174206
7.302699
761.924536
60.968331
672.943365
381.263535
131.610376
669.817641
240.987417
355.901233
495.138126
220.734768
423.879675
635.650660
338.010328
518.305853
385.712147
195.346847
695.926435
45.749347
580.348016
504.276343
777.755954
385.058558
601.570848
416.372719
376.488137
752.751488
291.407667
769.182468
76.446376
236.360261
588.561749
162.713823
664.096382
243.954794
791.228284
304.528760
754.737992
455.212140
215.168311
697.299433
154.723689
231.339675
141.331838
280.152253
308.452044
232.507421
567.079678
70.425148
49.823866
84.643112
583.704483
549.182933
568.055579
723.475692
690.579243
208.068522
97.274077
69.470242
783.353886
799.723216
574.276319
342.621744
408.058284
283.444539
692.630503
647.585585
590.324824
778.781321
118.019675
731.829541
679.169953
184.510316
343.182948
391.730857
102.788059
508.725476
184.767633
458.793911
770.359919
467.634973
594.932353
206.854461
734.503218
222.722206
793.804179
203.543763
740.802738
708.233189
641.073388
292.213646
618.226858
190.147845
590.570495
615.429789
566.457801
770.252864
502.398870
251.940991
389.482751
106.794769
86.092714
777.334066
633.173032
230.974071
260.510686
752.127461
551.918876
237.357396
50.036316
683.685059
593.869740
116.397369
773.436620
703.830335
543.932451
300.031387
48.374439
582.726587
424.829119
510.448146
159.840140
53.552627
413.246597
299.057084
658.478602
712.952375
778.997241
356.549955
18.765825
792.400417
172.679943
392.540508
403.087739
600.231199
526.500556
485.730676
769.407058
393.428882
264.494434
648.421050
629.551393
79.488008
619.536166
750.166332
790.316449
493.674955
493.394128
274.006853
26.626603
542.506144
776.043681
258.003735
619.042796
157.528668
630.269397
440.284943
157.927118
52.194114
388.312503
323.000935
180.904366
410.878563
316.666237
603.467996
265.367142
413.354807
405.231662
534.332298
618.980646
717.849526
292.884737
531.995842
574.752050
176.592327
309.024081
311.234603
704.513311
727.945042
396.300892
236.078859
569.997174
102.659353
734.678605
54.778669
376.104788
305.592062
144.147034
124.824373
687.220607
314.665494
714.842548
72.320147
210.661017
745.150118
2.127320
246.139587
763.196542
410.757086
474.298705
710.403127
287.790675
185.705348
6.705667
416.991746
359.690154
132.038302
651.055871
484.539445
355.424613
297.908237
374.680870
497.968827
44.775896
8.834963
761.768395
280.312955
298.722312
654.910643
63.836733
239.647807
232.711801
177.445607
326.816231
435.360718
370.396966
639.520631
713.092755
35.534969
351.393442
749.187026
554.388274
401.693101
98.127265
48.188466
432.647444
707.834150
584.836408
294.130639
775.507766
155.577070
59.298757
704.820273
22.867724
371.393594
500.588803
513.179715
203.438447
540.460773
121.009984
304.964393
670.608186
194.860084
59.724722
665.255178
475.169317
603.678370
64.336690
220.259523
711.331395
780.701476
619.757013
635.032532
636.492149
60.614551
244.344629
449.686882
138.453891
226.890040
552.602541
348.121622
1.705606
505.739438
577.832718
329.059670
473.797492
280.167293
119.489848
470.577409
286.104217
10.277387
603.966018
462.187050
216.250520
366.170105
697.112391
416.533695
565.202082
637.079507
181.308767
750.619302
584.346556
372.037898
625.092636
609.540778
671.729621
780.643382
8.228110
204.177038
471.202461
175.490015
74.778457
648.489747
488.430562
702.842249
229.252372
403.491903
654.927939
353.887914
651.698462
368.128907
83.558853
364.311728
217.539581
330.511554
233.988762
94.466390
733.277936
754.141388
270.500760
207.243678
666.367129
684.923319
469.702479
2.360721
335.904691
338.320851
660.087964
329.608957
442.792004
140.437621
410.466663
160.324482
373.155546
710.091796
339.483312
84.318018
562.384327
775.218229
548.540267
598.381892
247.905073
219.815633
791.577540
640.243868
746.624029
216.021851
146.876003
591.330536
548.185183
150.183728
704.608996
304.340605
555.634491
749.112593
174.782741
253.013075
724.340753
189.572183
34.003278
546.789461
41.571087
296.303769
452.624132
708.166177
625.929604
364.468291
656.243006
344.503207
620.706494
616.897519
56.177141
308.316396
467.201456
734.853516
716.567197
483.824201
185.590699
639.509294
217.734073
237.621408
513.832064
269.583138
641.148355
137.642021
584.813236
736.300401
681.700407
96.637974
366.730207
302.171704
256.229271
97.872085
293.384833
191.901492
390.505251
735.295027
787.049098
446.834184
370.495275
224.653458
140.093197
196.112689
798.215181
340.875356
152.077505
686.058802
567.940555
793.338708
541.518995
306.577567
29.272216
434.811710
765.857451
282.399467
731.549836
323.458669
359.162535
292.291580
587.948885
143.848788
541.069992
31.692139
99.216959
550.229945
486.719270
598.772863
226.758873
221.675154
24.496768
626.788616
310.891423
358.776055
230.949089
533.786495
756.064165
45.131536
439.560801
481.611641
521.294045
705.342245
156.069495
53.035792
361.819862
329.557429
652.399303
727.527829
684.271215
568.312879
117.343989
608.681652
663.501560
335.891196
390.069986
61.613295
768.253659
433.610236
96.287480
601.023207
80.743301
772.857678
190.564809
533.529541
682.738823
159.073822
449.654702
702.434667
383.229360
577.733345
675.460100
468.917746
112.119304
386.169423
197.987812
780.665139
61.166256
191.029458
353.019245
306.279280
516.337939
116.087197
609.391625
369.059112
396.437416
523.502187
214.880308
676.427647
7.885025
726.220696
334.995744
497.092243
546.432381
558.756789
458.506175
287.360929
190.410433
570.749733
519.724932
29.077582
214.467517
528.761367
196.808666
774.832936
663.678498
652.750171
563.517989
51.039991
567.306335
172.835544
161.456004
393.476822
588.258198
324.969667
269.165560
290.992418
16.789047
48.533049
145.382556
678.030985
3.669286
298.344041
666.458350
90.471813
768.758145
503.870403
113.516780
692.532255
117.499261
744.126609
148.810316
605.914841
718.511219
504.095947
15.988098
396.329793
793.824067
569.524681
89.545203
467.930430
517.448888
677.909523
109.167360
142.076120
106.825658
436.346388
714.002184
267.891403
569.178524
695.514552
750.936798
226.728345
288.088207
231.002583
472.370100
667.663560
698.993118
462.190523
410.825654
98.951897
379.931440
228.491324
142.649433
641.400345
113.330411
712.373466
479.648082
744.750121
543.943867
96.770015
321.078561
105.908465
294.449667
268.543643
2.067554
61.947335
152.036265
255.372093
110.877224
104.491063
651.925791
662.203915
112.735864
699.374880
122.464722
207.837872
705.461574
757.890605
611.207035
75.972271
500.742372
669.068058
414.589552
100.778045
793.309317
69.138680
199.644077
334.595308
6.422282
568.101358
139.863088
619.418205
206.725810
35.126182
141.888769
557.788598
334.564353
441.331357
285.308405
377.779550
557.251566
81.613858
679.683367
617.264434
797.428286
248.610809
799.012550
576.262720
775.428210
511.547976
554.514345
451.704382
689.833343
380.212738
267.585634
423.160110
477.529244
205.056769
460.389168
24.689810
49.575319
235.419540
797.434716
116.463295
174.102783
744.829667
540.318245
63.744721
741.947249
403.610741
547.408587
71.568670
560.873213
206.024881
13.270286
227.590009
563.430973
324.838997
34.668503
339.085592
514.140295
544.097252
622.760544
1.047768
431.970810
773.956276
322.161270
797.825198
164.711822
140.588021
179.098031
460.813835
499.100581
307.035863
233.700680
241.322312
196.661418
490.018252
60.762528
67.816637
634.375505
244.412557
59.947720
598.546279
299.162308
220.602426
120.247335
552.398103
698.362487
468.533217
121.133597
150.199907
304.606944
641.081582
131.476971
377.182611
307.820675
487.521899
183.280019
785.663563
525.083767
473.139370
519.629737
414.916942
541.423333
386.648347
542.906262
572.032762
750.211214
69.754369
198.360915
85.802445
56.162068
753.687340
203.025946
473.267605
664.409632
675.704733
217.894814
596.076031
310.287548
426.654561
89.574448
447.573356
265.583214
697.157949
388.365420
95.928240
564.407533
281.061700
711.315327
337.304146
667.777320
728.894794
62.444821
166.077429
261.748437
354.414573
583.300678
169.936805
493.449982
241.974963
27.097990
421.737421
4.746610
67.285272
146.566868
403.760595
538.872513
192.521839
69.623145
142.876765
567.973158
680.392936
5.711838
73.664964
599.375450
642.514245
567.255471
383.173912
663.717559
79.597393
492.824977
370.888479
115.061737
327.042141
218.607116
663.355888
713.226645
385.845884
780.557169
154.519852
404.110800
225.251136
574.874495
221.710947
37.698211
26.677686
58.094919
388.494249
6.955611
252.359716
690.465854
682.921812
81.116511
260.140036
97.548735
569.540153
633.316027
677.759430
769.409151
260.582414
785.872168
656.681165
288.241003
221.177377
392.682826
273.793257
542.940489
390.398203
19.498316
654.097928
742.796322
738.338906
648.873061
617.788406
570.727806
529.424316
576.285504
515.848924
323.172495
693.382261
300.017538
105.212043
763.173516
494.580002
306.514607
709.539627
518.765417
191.346668
494.544652
315.345744
393.229157
439.202244
132.227619
163.333884
711.391892
256.040455
386.246994
301.100644
77.262425
34.756283
297.808074
313.316852
673.596734
84.493535
751.976526
754.055648
276.817829
383.055788
327.599321
43.010551
275.426375
341.193315
524.947804
169.633191
603.546473
783.152408
657.405260
489.650444
89.834760
285.456813
386.149385
491.802666
112.858494
445.547966
548.828017
223.569898
248.111791
564.083646
354.814812
270.757045
35.360564
256.881130
481.768750
253.014929
21.027513
87.859954
161.518340
567.776496
259.850737
271.048178
412.910191
508.666865
512.055842
414.569458
283.512095
758.834166
200.013211
485.904884
288.718964
67.696436
678.186140
352.473991
40.386595
204.532988
589.841054
381.882137
711.961409
710.819574
1.779335
186.124914
496.347595
605.597600
499.372404
785.979164
501.987695
429.013825
213.637502
147.326276
224.703944
124.612706
637.919637
608.733042
614.890256
766.687602
465.927796
183.934076
577.567387
769.081515
279.080458
160.851097
701.740834
180.568572
38.271781
313.444159
342.615039
473.642084
434.944267
755.856067
167.140964
20.812727
659.466564
350.433475
301.379035
627.807371
131.472561
641.409089
577.153309
652.308192
386.486523
481.534549
310.863846
48.714636
51.297887
786.254362
314.526489
387.420690
662.827055
124.901047
56.601937
190.887335
22.150202
481.300210
257.691602
131.181851
606.164776
163.005350
347.745293
38.242184
336.426645
417.340464
45.655472
26.987997
23.466349
376.102890
304.262408
798.870284
69.266096
238.032870
583.814419
432.266717
797.704299
122.152800
313.839249
747.409761
701.527428
454.053470
500.999320
523.504859
695.142938
607.376740
110.658701
539.136787
694.317949
95.044726
395.996438
776.980627
749.343392
213.851023
306.421789
128.894120
500.464622
641.200874
158.905667
271.245223
531.304588
662.633506
617.572429
197.478704
344.030549
501.920745
719.969885
759.902208
700.713122
422.467862
309.380516
9.645802
739.201122
628.225783
433.498068
412.918865
502.236078
305.376608
618.554238
118.207684
730.135714
664.175329
748.520094
89.324805
20.591685
378.775561
161.820692
475.319750
127.134770
34.946637
53.065149
647.859783
311.931327
3.754751
789.719321
70.756073
86.943496
276.046522
724.720583
228.506749
438.150723
86.107363
45.493501
412.400765
329.144752
311.358711
303.891832
286.931031
142.942352
659.658196
188.408675
437.294943
634.942343
195.870869
632.806681
122.178926
556.471802
767.712819
772.862897
442.238955
259.279119
516.605917
113.176948
26.629855
331.622901
616.722915
299.561175
447.428260
358.676554
48.095727
351.620689
758.762420
374.680178
215.966803
661.209757
90.117887
685.260961
615.008990
467.371769
724.989784
616.133669
39.602454
212.855839
164.560878
759.232932
779.122994
579.372099
681.465600
273.598775
719.571212
754.807433
383.155813
559.762914
74.853177
695.619019
581.829473
737.215007
306.785097
766.779221
695.112450
602.230907
218.245515
239.999943
141.502517
701.274098
665.935250
160.047679
620.319203
41.104046
515.776466
384.627928
332.222794
274.968267
687.355356
542.906161
772.390537
226.658241
174.216237
686.356960
727.634207
411.973976
16.311388
22.606580
73.139241
752.065817
768.339333
555.944262
176.292237
532.624564
111.205081
537.009111
245.675616
447.633575
462.761558
173.413341
644.612675
580.210717
274.780758
648.472636
333.897117
614.311195
247.980199
11.821113
455.089292
336.426046
477.071843
419.288472
508.939467
756.614126
482.895701
327.357573
577.435240
765.908812
469.605149
765.070005
643.114131
684.829180
307.348597
525.422869
241.952464
422.206106
622.202005
33.199863
30.647822
774.107789
118.493490
545.509467
507.125730
522.919899
713.574175
522.955166
358.179115
178.322339
82.241622
174.557483
330.857091
607.937374
534.184275
789.200345
695.319512
1.000191
471.515816
85.012342
166.580116
17.595618
313.556806
789.801258
231.899663
775.913676
690.329901
504.187136
17.422539
544.326296
723.357716
676.400606
497.958798
686.574954
672.836777
710.993452
360.378637
336.967472
630.297598
436.767333
37.706390
286.377501
127.828237
52.270867
471.952780
290.376672
319.947558
8.750128
431.176425
417.595954
702.074974
532.930687
218.905728
141.158094
639.360788
563.035974
312.202245
201.703190
462.524577
502.701073
685.687162
478.628102
75.503846
321.153791
793.799453
1.839859
418.465234
325.995297
185.164189
388.866681
668.801315
259.448338
198.762945
775.587092
515.410261
78.865056
773.860538
319.404997
12.093264
166.977349
359.071324
231.622001
349.902156
420.811366
581.852473
791.039041
197.411864
341.927156
668.991150
788.822537
295.835833
575.349468
356.747152
400.794026
481.804664
102.902057
221.193153
15.554893
57.124729
436.039078
65.124741
376.055944
125.040646
313.911519
38.037340
220.927317
428.931358
580.165577
258.121923
291.108706
535.255103
785.191686
605.986173
407.422725
402.873032
555.106848
373.503939
279.858510
471.276935
168.488895
133.155712
600.118198
264.259360
774.263286
339.047420
740.205676
448.706868
608.294438
213.894858
669.053207
245.014956
312.943300
317.199609
18.282511
296.541659
118.455877
455.395041
740.319427
558.593515
243.677730
17.116009
176.094199
269.908195
657.474181
615.431712
83.826386
432.394286
34.350134
390.125884
704.400914
417.079922
530.325947
771.063575
162.682923
358.618267
346.070580
145.775670
771.734867
216.632566
3.006128
393.519341
579.384865
397.772452
266.367453
273.752256
115.781963
553.312343
362.486271
756.584976
475.508246
274.504877
106.344943
588.676129
426.661627
737.894671
500.537962
617.044439
721.607376
357.006313
404.270214
631.081612
326.164987
647.243853
711.442567
20.610228
744.886660
15.019333
480.084329
178.620345
247.989336
562.746741
526.664542
578.332980
158.384196
243.804408
323.354574
83.067827
254.043935
659.933384
578.537463
693.799632
124.262017
107.338221
161.448747
18.226481
453.393309
290.188197
346.749162
309.217466
514.594712
303.315703
481.082091
378.190269
786.935923
319.176844
462.840026
181.570764
660.807952
432.371428
626.510913
418.328286
467.674018
436.835601
168.702889
360.926777
11.340690
781.709124
92.104378
405.226053
650.604802
642.330262
271.238191
709.353715
66.472250
58.396581
47.488946
112.998797
21.455553
451.380120
262.962314
341.218264
21.339922
319.080294
288.847086
275.034070
340.114364
387.381234
652.278263
721.535479
379.141546
481.480752
667.585167
578.404536
456.316745
75.287288
438.441044
180.021474
143.839909
259.755279
374.346317
371.919007
288.208473
614.745968
794.142471
312.342119
87.038907
751.781323
292.829840
676.016212
506.125404
722.449964
260.927988
419.404513
78.876609
555.630888
139.558885
57.409904
338.062350
346.607707
367.493108
155.431652
651.589616
589.661397
143.110256
135.548652
594.445130
44.371491
785.421985
743.938846
266.585048
331.878538
541.066655
269.597631
686.826825
321.701234
188.896348
583.983631
219.982902
369.906863
582.095591
706.908444
729.516769
475.713154
725.383934
669.557496
80.973170
400.425057
202.620581
366.060217
210.501682
798.068830
748.326583
272.604551
651.925651
431.473546
405.702857
593.923857
140.389243
632.469583
730.010569
782.806435
44.503907
152.390342
509.978435
522.395403
127.431686
83.246726
683.999325
301.452502
344.034514
399.404976
91.745124
636.249338
457.193259
494.418848
358.544550
726.010645
363.399212
694.389790
259.637695
492.007533
643.025585
436.369001
72.643739
65.651396
125.351682
237.125450
492.116396
104.107321
143.222637
603.611999
369.489984
21.346219
488.190177
77.580026
425.007975
634.592008
723.060710
173.579235
727.460708
12.345760
659.002968
366.510537
539.954184
107.984782
443.317965
790.300894
92.556978
230.159089
708.095432
245.821067
680.961965
682.256418
637.059920
60.700391
193.575557
246.672721
763.451168
160.249175
560.337378
468.571797
149.942117
702.634630
79.369667
205.130888
249.722078
448.627790
768.206293
52.944256
225.619805
393.111491
73.942150
300.529764
682.539095
603.319313
3.879471
454.645959
277.203273
7.464970
714.595656
649.094226
615.755794
684.969759
409.180417
653.316151
629.135592
481.997012
697.543412
658.326298
226.971509
547.183912
67.722086
371.800805
161.824575
309.471094
596.347044
332.474609
115.145551
466.732316
682.878628
211.026030
12.015250
531.352776
621.518658
132.955286
104.459568
436.857289
705.577016
284.419840
257.586737
608.325068
193.620675
358.515550
459.200023
406.054609
660.754039
739.936821
606.109198
10.131669
315.686659
426.039452
607.851793
567.574478
529.263209
556.641508
597.987095
794.552828
42.343938
544.658383
376.403316
734.093215
718.359988
124.783416
198.608953
356.475128
391.981352
651.126058
745.607932
77.699815
227.294230
412.775803
716.671895
352.882536
360.428806
325.730199
687.033569
751.304347
627.270101
319.641012
259.994344
636.883093
169.730878
483.956340
592.343009
667.016491
415.148217
75.251363
494.514394
548.994010
396.267020
86.973273
489.235269
211.374754
468.749434
378.825693
3.640747
300.207469
537.646306
668.251427
583.284201
13.927709
727.552346
462.224182
784.935817
206.471004
100.479552
598.458835
496.461304
311.742334
763.281976
137.072704
565.341448
106.293138
654.000349
90.667435
516.749627
530.653472
1.093565
643.996609
639.105612
207.193418
531.620174
644.098002
590.569824
475.513695
796.050544
678.537258
533.161972
746.717592
430.924775
368.709508
672.581507
216.506249
609.383198
63.909530
564.918059
370.170560
226.082151
787.324725
644.740417
21.788461
26.470032
568.874462
698.629240
433.176530
751.194339
297.489183
573.253052
637.055033
119.511086
324.912578
643.030295
410.690387
445.825187
109.610616
9.169948
160.220363
195.550303
610.910047
404.175020
766.409506
354.451162
616.292857
354.524884
174.721868
200.281589
65.118321
474.668590
558.424644
317.882905
175.311062
541.627033
437.364364
743.866990
252.743433
128.906573
744.938178
606.712805
539.032497
792.459141
511.379053
624.385171
51.837802
205.271344
415.567122
725.085680
124.967124
42.791782
175.258427
71.903414
771.060464
416.073865
667.081233
465.356077
731.804463
790.713925
92.110117
61.881738
593.407770
290.245152
159.973208
252.195777
102.129781
194.290303
613.049299
363.150837
501.506156
257.948515
85.495709
13.733124
257.019443
447.743562
380.744656
479.811647
725.085801
721.070593
438.394701
431.857692
110.063200
651.857870
311.575168
378.273778
710.709258
752.131042
86.655713
5.312860
70.917500
614.227685
288.357383
502.063574
466.939401
196.613392
396.045758
221.572685
508.353329
252.536791
663.945431
226.518230
147.491589
317.466126
699.997397
259.905474
662.778201
124.150468
760.916556
475.471465
107.520423
270.680531
234.675166
364.468897
368.528272
449.641170
359.590369
671.019683
450.467271
389.676880
66.715049
645.276960
616.808028
549.856864
357.957577
667.141911
291.727964
143.516021
88.837956
314.113459
325.319041
647.807154
171.272530
323.411014
417.171260
737.434677
557.168276
224.450522
718.567068
710.531564
506.825223
475.884646
501.152556
471.963632
571.937194
628.156879
220.184501
135.200160
52.438265
700.793987
11.584423
37.767221
503.335926
792.378562
284.915504
403.284901
745.953931
377.988787
448.893216
374.340106
309.625597
584.368911
234.223991
571.276253
32.323468
256.378298
682.974875
762.380494
256.509805
3.609079
167.848969
369.794286
462.121119
181.112132
578.877962
214.568604
263.097912
799.775472
207.636362
81.799486
296.693342
695.565357
509.883738
562.536237
687.241589
762.219898
468.281692
487.646306
722.894788
475.386545
204.629089
382.724540
702.449769
618.294026
548.486378
593.506959
235.273182
229.616280
494.379185
792.491958
165.220997
390.809386
245.858669
334.559476
677.885087
483.645516
424.727964
311.750760
787.408496
548.646640
368.739743
326.294747
124.097071
134.951377
65.916696
76.081332
394.053353
484.869665
289.264238
84.947154
235.181159
228.606474
628.481660
522.612578
727.137158
258.561759
180.357717
791.477064
282.445141
406.237766
117.807341
280.695631
419.601546
537.583740
665.275560
18.210560
554.790813
1.546838
445.006660
39.491642
150.256276
740.513919
472.732692
572.954147
338.039041
249.389136
55.940624
684.627532
519.442211
94.137999
234.016905
226.139318
34.282622
141.155101
670.654346
489.667255
574.499501
27.651465
478.928307
788.417863
657.000664
518.083116
402.565463
523.363823
281.840033
333.182163
34.535602
88.247872
487.439093
236.472936
528.940275
769.410879
565.301145
624.281928
251.093121
576.433889
420.032213
139.053620
173.133309
365.869135
392.248649
683.256484
765.974144
600.196676
391.846948
102.827502
566.435669
257.430367
187.886268
452.479483
172.076649
275.772085
792.627743
155.894098
790.982545
39.095342
170.482884
474.996827
48.286723
593.043419
604.257487
338.041084
192.966252
421.051156
595.879151
451.205012
773.721998
624.118323
191.158420
20.069059
217.524454
6.786809
420.156400
429.878655
164.673402
282.348145
416.527719
207.654245
217.471885
242.318612
703.844735
759.942933
227.571694
638.698015
252.667407
109.931906
82.109327
322.036536
330.522320
210.326993
379.712649
613.523021
197.282752
101.064936
191.541588
291.455099
106.311216
466.416554
653.833763
194.780010
106.446509
578.443091
264.438074
531.888673
481.273404
586.357522
703.594249
490.679037
698.402979
763.025866
622.483754
447.513341
725.471715
76.601283
318.445000
570.915783
98.226930
79.630359
561.771190
135.485135
531.934146
337.680203
740.920867
322.984402
448.317276
151.512037
33.351928
356.540721
17.710036
563.169039
263.968893
615.508980
213.381881
238.288407
347.804349
37.724346
390.990849
592.547598
194.289125
693.618897
532.156809
604.226018
698.153650
313.013303
502.121234
337.823775
760.908076
192.310931
287.190557
397.635066
729.459565
586.044799
227.638753
96.721504
783.311124
550.191432
684.374576
753.606444
372.054829
566.619995
222.083248
462.883447
102.826744
315.104638
563.232497
782.281296
493.513940
479.671281
519.758738
436.919982
728.926199
269.390588
456.744561
11.801734
256.286178
379.582634
408.462591
391.084283
645.498417
72.579519
392.649737
374.589106
602.485853
2.373653
635.251338
563.148491
68.811550
139.066384
179.002738
163.322259
13.192603
569.492998
192.986073
451.085083
150.150036
190.617888
431.612752
243.941259
638.052198
128.393141
173.933994
743.570026
409.460557
245.302067
186.061275
738.646476
575.972420
462.039219
376.463240
8.688738
283.795895
395.318156
603.136171
195.285541
630.011247
518.595491
55.629896
615.185959
516.090219
391.733703
747.998504
736.586156
198.662073
161.887987
624.681688
269.531473
378.675484
603.475183
57.692957
173.200658
65.965170
777.020317
276.624712
767.738159
241.995606
148.818890
293.181671
40.368919
50.364876
792.291490
627.701085
33.073740
535.959430
158.331510
627.152326
255.316842
17.005349
651.717719
144.122117
719.060004
116.320648
318.350407
405.198562
530.829205
414.130555
452.605607
422.722689
723.316435
518.198350
40.610373
382.698474
86.868096
692.273748
183.003133
42.471728
791.755426
720.492311
487.662178
541.038907
563.467714
213.797125
187.744554
743.490802
125.918478
596.492000
355.548962
177.855385
159.111072
56.875888
226.925505
736.554907
434.727380
44.800443
579.089915
714.458377
565.100638
475.039284
7.563372
733.072042
144.462996
486.081856
237.274340
623.828893
496.974030
636.766747
582.738621
247.576264
748.866355
649.829576
706.733377
47.958149
410.029669
749.359188
661.159497
188.638905
253.665650
633.050329
558.811223
180.361932
541.254443
92.451336
788.396978
418.402837
329.301983
526.693010
50.827700
347.602799
667.778385
424.337536
701.024430
117.337059
392.496314
425.075602
340.686560
72.463978
396.621833
790.168200
426.472171
463.299982
3.172735
644.314782
751.473794
592.259789
199.116149
277.666511
701.762550
494.222350
523.650527
315.773722
344.906881
709.002001
428.259619
290.187631
343.309720
286.214377
426.036309
139.382948
316.508844
103.056421
78.983531
709.842550
723.632501
323.394942
285.716282
611.090346
201.436876
79.509408
93.852346
29.488544
430.625744
130.431359
134.982951
228.089202
489.323545
688.196023
416.699664
200.437477
785.363729
601.615544
643.890863
677.514778
488.607971
311.962446
178.448922
641.909719
791.984191
396.267374
517.381781
423.406430
620.859162
506.035585
490.128093
663.122407
217.462805
538.643583
466.368014
218.609711
674.539894
353.971691
351.164675
181.433876
542.604733
502.229875
513.142488
508.468707
334.251183
535.783287
90.959957
331.621241
306.457422
726.070703
346.693853
189.512869
495.072809
243.120926
404.381329
588.088022
184.635102
603.567806
696.567825
668.638609
797.033271
687.607685
106.597763
641.050893
144.136634
146.316335
124.636923
446.702568
352.288569
41.337950
615.720785
782.561887
797.285923
226.127070
123.462284
97.105893
131.881903
704.641897
630.946120
665.194728
460.740322
221.486590
385.589863
729.459516
85.853476
602.483094
208.261952
59.589446
201.977158
351.698412
479.305628
75.390770
509.974548
259.597286
370.393573
355.685390
240.135168
28.754580
530.373623
653.133068
290.547684
626.072615
365.896196
736.937542
97.789432
41.381143
263.152582
191.955456
458.558890
693.753080
82.058559
306.374496
420.194957
781.580730
186.706152
590.562959
721.864465
216.496958
400.032442
536.031963
659.956967
199.666392
297.638475
693.290651
145.693625
320.242393
729.628646
48.870738
594.785984
637.236987
725.682392
636.848484
279.872056
472.529356
650.723852
100.356034
565.787861
245.749282
431.210967
449.370338
604.728982
224.092365
197.501877
221.866182
289.849986
31.510285
487.547361
43.127455
305.038163
764.629669
331.350507
722.311263
309.158318
716.791924
775.626638
519.290065
690.353654
335.678037
679.098523
329.974018
279.983624
626.919412
61.985459
160.158231
329.828455
142.812962
543.913013
711.764964
167.506311
88.259555
436.004307
707.251882
601.350487
239.397197
177.807034
732.901175
744.541318
400.066857
187.253014
439.321017
622.011963
138.953328
491.426531
419.557423
157.953411
604.821865
207.470751
266.864673
546.982263
37.748157
23.715764
638.407106
722.543461
440.644520
259.903891
508.200649
615.144368
437.612167
654.509752
96.332202
695.717289
790.431733
684.825285
123.022939
370.577634
101.875401
460.718366
703.187108
609.460976
320.900534
469.755824
247.213514
606.060953
234.097760
780.695031
197.719013
684.248015
336.845525
263.843666
550.441419
425.811739
508.320620
593.421838
236.095846
416.175998
429.835225
636.274361
22.827302
477.800853
35.760762
709.900461
528.670280
90.434934
650.814000
127.995280
744.288550
172.782749
364.459998
585.188369
428.525747
19.993563
614.808627
164.868104
12.825274
83.609266
93.789477
300.558446
655.161469
10.693924
260.232044
206.616755
759.309893
482.680611
229.204004
745.261537
589.806617
608.406640
65.391171
84.849617
40.817805
229.930910
368.270663
41.744462
112.042676
432.663356
386.470088
236.126326
231.394557
634.033925
437.264678
313.920356
295.728763
596.303036
663.954562
137.177088
706.834507
574.022315
332.307444
244.950530
255.106058
447.517467
523.701415
258.832689
481.744549
251.611470
64.938635
247.627459
361.243018
129.353844
782.462530
787.708966
436.371324
468.378891
354.816929
259.556659
542.941753
453.454319
47.068966
135.445923
671.690191
143.452564
152.193070
606.846420
310.588857
40.345398
422.962514
202.733498
110.750088
153.001282
465.547524
635.226388
115.425210
574.638216
436.783836
636.692693
118.785433
536.611474
395.158178
75.254335
738.077387
555.116460
407.180481
212.133600
46.104165
358.020655
745.141060
450.045880
411.242605
156.679839
533.496745
502.629470
174.146372
298.431849
158.203777
231.125355
50.040656
315.445835
28.163436
704.871202
709.764433
18.770355
609.998878
158.895954
556.249392
301.527442
99.314605
345.492328
97.095776
439.923649
190.891914
312.365245
435.583756
231.608965
257.878807
461.680140
399.316023
490.438281
415.575213
450.949343
712.201499
639.325693
716.428111
579.376123
523.077192
417.503786
185.531979
364.692479
40.272745
608.291666
237.848197
573.099316
36.159416
105.366379
691.796850
324.977466
775.030238
530.281242
183.254372
457.855841
660.535485
486.388741
649.101663
252.444068
196.290883
708.021175
656.046125
97.414241
513.070693
698.287313
489.876336
24.988453
605.882053
599.762209
462.062091
749.004879
323.057712
197.699160
520.217220
379.090566
417.429151
385.155403
630.213647
734.861639
348.046463
492.709690
556.128258
509.257286
233.144030
150.658654
579.017142
230.285162
198.560317
436.258976
629.921142
680.430729
209.075858
469.666924
518.203352
428.744665
397.670225
538.688635
753.795508
178.705879
509.156759
442.349109
632.244622
662.638718
468.726960
334.551347
555.585835
139.258342
166.665567
680.375108
361.767493
244.061793
444.380170
648.754070
33.626291
367.502149
136.809114
416.360481
52.630988
198.955619
230.277173
158.736785
315.489379
25.708101
384.370829
277.824069
506.106071
313.026701
679.384737
126.221244
359.294134
728.328662
540.245886
546.881553
450.467893
198.085640
507.010659
615.451570
582.885302
180.150292
283.702520
723.582087
382.287942
322.606004
355.592994
378.882889
678.003590
668.679711
597.030268
314.599912
294.449025
45.856476
766.956685
357.693136
156.943622
336.071683
586.657272
159.256094
10.126557
12.082360
52.833272
748.586283
593.054960
641.436824
211.820291
475.784934
151.754068
464.316454
687.393982
494.869862
310.066623
500.508767
468.644695
574.878905
695.014157
17.818918
733.856779
419.837643
563.033357
733.503010
437.472522
628.041449
397.770757
416.790415
311.024957
145.451796
564.061016
762.945424
71.174223
327.443458
798.375285
264.013275
788.194316
657.756887
253.922188
734.101764
573.009068
328.616372
191.198541
583.480193
599.220271
473.012579
292.759668
703.806664
183.712510
242.133549
718.573640
204.441406
762.885055
70.834236
554.099733
793.124264
225.606349
360.460008
600.626516
711.412074
341.027038
450.207458
412.212155
85.429354
513.768838
20.140738
587.076836
74.160746
82.457770
360.422495
312.141333
355.293444
311.217470
489.331216
206.965459
281.689043
349.587417
506.794008
187.785256
413.326205
772.659071
515.768499
306.232749
767.022810
228.348288
495.141503
180.899952
346.563123
112.155619
487.997479
402.120254
263.401806
322.775384
474.577331
42.713436
729.336931
392.069571
102.713486
322.920177
291.795896
298.213406
125.780452
526.755743
306.740179
194.474952
435.923282
669.795845
459.345682
321.259248
575.556215
35.096569
478.536607
594.022504
548.886308
262.386605
434.873599
227.382428
607.265591
649.492156
516.464344
441.819161
364.669395
570.118555
758.036809
21.867300
394.967416
261.338967
637.202272
384.664268
584.796649
614.558393
231.101419
745.003995
548.221846
421.253087
718.059568
171.097662
707.447953
99.606198
620.576965
617.105037
438.777934
497.841295
488.380713
536.990694
773.286239
682.784770
419.347925
15.329326
81.002985
632.744042
767.039539
512.426209
604.799786
415.716297
360.837805
497.976032
524.866338
36.676624
186.309732
52.717377
457.154233
489.137995
130.234906
498.054550
178.202664
199.541397
416.863910
707.764140
168.087606
41.523071
148.378872
571.925863
122.069937
298.284789
483.777909
183.532353
345.889352
324.819095
486.079067
694.755793
297.994092
701.348877
65.557487
446.125513
227.337639
122.801981
10.635465
727.790888
752.861244
205.186662
108.120526
773.462440
144.207857
449.693043
436.742261
524.222284
768.585521
141.570607
380.678173
669.667461
512.819290
366.716644
741.368672
184.122358
575.060971
783.633295
571.597912
284.575322
272.302341
100.280276
131.894293
307.956261
503.028407
757.936720
126.507206
547.897274
745.533822
179.188322
200.316785
160.202476
675.101922
126.245125
412.043369
480.258013
355.539652
409.444368
460.318236
699.295114
675.981307
574.401845
116.893390
524.221486
26.394911
757.663953
653.581284
199.503989
54.334969
700.345157
124.557302
100.389965
362.713332
685.319688
624.489171
73.552232
669.221502
665.420025
529.567788
115.616583
252.232682
778.166256
143.677632
302.299857
447.120921
9.128130
221.318391
69.397083
387.762927
243.499278
698.889621
8.299740
257.114295
680.263066
228.613091
771.863359
384.744627
602.989976
459.537800
249.635777
66.386914
321.316737
440.937907
375.962457
527.025693
507.933166
134.544868
582.459881
658.303127
738.574132
213.778740
261.086473
231.057945
299.983131
657.223715
205.967080
187.349119
71.816913
118.855819
333.612004
6.491854
497.152200
327.225139
753.263522
707.978341
756.115956
696.135151
786.808830
779.564471
49.802345
233.855169
113.464059
53.621341
423.378621
747.723441
798.019715
716.098859
459.113484
24.825509
749.405413
696.624927
226.964479
416.814359
118.898107
213.047921
8.638398
517.428212
673.337319
563.347798
286.677374
503.193200
590.218953
328.729355
775.941791
280.754631
337.907584
719.545979
315.495336
425.946228
752.181436
617.749699
103.453080
710.957069
255.558554
260.724132
499.836481
793.698048
204.494705
587.178015
785.898346
477.896175
554.325924
252.115375
367.693695
475.025418
387.665173
271.820413
362.532696
240.870349
612.083484
604.709943
84.491666
333.307209
732.097837
603.830248
319.825125
362.008607
664.031800
472.036357
763.868651
265.490685
283.751034
516.485686
199.928253
732.986974
664.153776
363.294884
104.339830
100.247668
674.597765
151.057404
79.870790
265.455626
641.401797
242.278691
470.053050
413.921218
581.118892
119.123121
340.898837
85.845201
505.494932
376.765129
794.993216
133.838347
388.205538
255.284586
56.284656
537.067770
378.885470
272.242071
765.499440
138.610686
418.581631
333.208598
1.584137
389.815481
481.268454
521.433771
142.160709
509.052421
496.286580
241.234892
168.248988
747.881372
456.124781
374.453621
324.024099
231.024814
534.739594
71.650722
237.585727
464.451015
170.510564
373.653969
29.980386
440.359089
614.072354
643.904060
19.888712
576.640628
454.600754
269.159134
345.785025
374.438922
562.202894
190.298484
317.715916
196.074939
191.527398
40.033463
37.013177
680.555452
606.804373
626.278339
26.532492
77.438210
219.714177
452.917141
512.687642
696.544006
732.040230
700.285184
419.658876
586.826391
322.349314
680.019780
584.257817
339.638323
297.733410
293.582159
393.781373
752.865837
370.799101
247.158415
770.274965
565.660172
263.484199
696.267788
384.462638
150.445471
19.905893
307.833323
794.843311
153.040960
611.082831
357.837190
69.752065
399.704870
278.351711
160.037241
658.958495
452.060435
607.306631
499.441300
369.423710
165.125631
459.099749
358.496725
111.078315
452.427189
388.798820
371.636742
631.782648
277.664407
646.764108
448.181069
386.063174
320.442681
204.204520
592.358696
459.819674
641.957466
646.462448
414.849701
326.568252
202.351398
481.183259
332.195614
312.700310
378.126930
177.113895
462.548122
691.675851
309.448899
771.538799
431.974769
366.870477
232.986621
334.601191
321.355364
748.431984
616.113662
242.868275
141.831509
294.234968
722.445462
227.107480
533.934587
354.982908
321.975101
284.375905
669.863109
648.047510
293.866653
634.221407
119.602832
261.541646
519.721079
717.576371
32.976383
145.100379
165.207667
431.138888
660.140255
688.940372
26.498767
125.526966
764.135578
415.182119
551.661604
476.169470
365.098150
380.453114
194.665535
484.247733
739.510788
622.437063
53.197702
119.637935
145.810234
611.020171
753.429508
772.692752
461.129439
586.533289
334.698892
220.712644
572.617465
248.571671
704.900722
592.938118
177.567605
362.500148
667.702041
2.473049
528.926911
310.700466
543.219135
395.435604
703.324815
635.839069
279.647225
373.191126
227.479089
537.389200
46.603691
770.927814
541.869926
269.461373
235.477302
238.176104
280.236820
492.597405
580.305765
405.043549
404.120793
569.179078
234.352789
223.271262
697.980976
196.616668
582.694701
739.265887
198.057289
788.759282
593.282510
292.200605
287.967895
91.951538
235.569128
62.958009
294.938444
4.997493
10.566243
726.330604
748.353387
31.000241
80.319814
170.035459
442.221469
763.356251
594.531417
496.341707
257.429838
483.865662
225.497281
193.836185
237.539523
421.658456
221.689325
462.045912
23.299385
56.832217
534.230061
407.496349
440.923625
95.326738
226.498897
113.868032
559.900369
736.523312
252.364533
10.043574
768.356941
326.210085
105.219323
540.065630
21.944568
361.930348
200.874991
609.472385
263.205201
111.189258
418.775061
342.872445
396.989195
61.879793
227.052970
435.952399
592.933504
769.400541
249.828639
779.760067
276.198327
441.442330
429.723589
351.433214
572.441746
713.086293
574.458050
294.872975
156.845781
607.291686
385.371694
250.389271
51.165111
198.201105
448.141332
788.486733
406.548184
207.517493
559.487884
37.205776
582.228015
279.092938
704.067578
240.817292
493.542855
190.517504
695.494978
78.461397
397.849880
288.928189
273.415165
619.616283
167.572656
94.956260
136.210542
363.670081
637.730637
245.377781
372.502530
221.395722
164.131072
258.762881
223.109383
676.326356
474.961771
526.299922
783.662583
789.767515
714.372869
54.681056
105.243429
619.678672
352.007462
736.429556
296.713470
126.980047
719.627892
386.239458
37.686530
308.787100
112.002423
47.194686
227.403320
187.329168
458.095025
326.551253
770.645858
714.320534
414.576736
214.881812
698.271120
26.609446
476.981450
147.338971
705.639112
171.422738
282.644395
615.279898
204.391491
364.433033
443.151151
100.950665
121.125313
730.059390
553.930738
375.396340
436.840859
398.272225
751.244578
616.273938
45.628988
351.837948
473.569050
201.830779
211.456957
304.118512
554.050403
455.990402
267.985966
12.744580
73.633674
341.385785
442.877411
572.313656
368.211187
287.185237
540.634125
23.060913
401.829182
271.742039
774.201102
451.524294
169.334052
325.373651
542.297679
149.551344
631.028726
140.847850
709.789375
508.167558
257.013249
73.545922
121.202001
121.672654
245.136386
238.731535
102.846816
727.589700
542.370145
396.243587
596.306565
238.087500
342.310478
366.029140
711.546277
388.793464
737.058018
293.481082
260.277081
189.440829
151.092437
408.825409
110.217993
622.977644
5.115158
455.962268
117.633854
512.736517
294.702639
488.817192
541.367766
367.233585
650.607880
14.656710
403.745375
503.589721
473.458734
476.180049
334.771222
785.774260
706.795870
40.028304
397.709019
569.324103
149.623475
362.455815
537.901554
346.615515
350.675865
512.947607
74.046180
144.896481
618.994498
274.918883
511.978052
699.008462
423.211490
567.515641
181.812108
154.927829
202.928674
562.172844
165.320068
476.749026
570.134399
30.456630
51.516063
730.093028
235.099099
103.722619
700.316287
450.199094
459.410026
9.786040
558.715264
245.628352
495.499992
748.382001
720.201744
690.229608
17.419750
607.906234
386.209288
645.104506
228.372877
450.191386
120.829643
657.009326
769.260130
258.075273
311.870720
245.757604
480.503985
165.052963
152.067651
43.698800
274.365924
650.239626
740.438462
3.000202
430.170420
343.277588
151.812900
446.698635
324.326698
651.158644
668.048402
374.265289
296.484870
500.417337
495.174093
654.653241
520.925914
210.734141
405.855341
754.702485
486.166643
416.150364
323.830716
590.443494
773.871207
155.946703
1.936927
689.731246
525.985174
410.174117
352.773010
238.971801
737.241261
572.324881
317.200914
425.024991
455.795438
82.477605
83.138805
275.779878
128.142813
255.828005
67.143423
44.829097
301.513675
350.557769
196.700907
323.174531
573.109275
733.443549
606.552103
658.024129
498.059485
513.080785
312.802387
250.435248
193.809498
731.143827
606.916567
777.227257
633.308397
696.816448
677.999670
308.369712
754.777114
744.776973
137.636149
412.479262
585.554114
230.012682
116.555051
278.695957
638.806560
601.631156
12.429749
134.528159
589.379409
250.598388
142.465475
12.917133
499.569515
87.223278
153.229110
797.097971
704.504267
558.109562
462.867576
73.229376
505.458512
387.286115
100.253486
741.426605
442.668056
50.242366
304.721070
137.068347
726.538631
115.252349
125.458100
418.304740
339.087852
219.758951
101.957178
175.979600
218.866497
443.161756
464.374581
472.344847
709.732373
251.794619
440.768495
688.269031
646.516238
492.142277
730.644399
463.745622
469.217290
16.782867
456.719277
576.412725
393.652592
14.402893
49.440086
524.906474
301.068952
252.510954
262.159849
619.456234
555.057026
189.446270
172.812339
146.459025
334.180173
188.745634
180.962446
561.033552
535.621411
243.617725
191.473257
48.274803
522.915770
50.430244
684.079411
136.585224
132.192743
279.826185
384.803370
169.555151
448.005868
262.436381
470.029065
575.761509
354.144205
619.772593
559.782611
797.135335
107.054666
590.105328
131.917436
300.808320
35.077158
542.350679
578.732135
294.744901
162.033896
317.530319
673.045478
521.470700
119.497701
1.453662
679.820155
214.477376
572.652493
725.530775
560.490582
238.232579
421.897144
577.779307
81.957925
330.694533
420.818196
105.281091
766.822441
440.798734
771.405216
639.848771
576.997062
625.858240
81.452811
596.495275
339.082376
64.035920
471.262116
146.519798
56.476863
388.486393
37.115273
143.320183
461.975696
614.242402
609.037630
700.445454
348.590879
87.045837
605.561448
295.790814
284.095723
336.953292
83.068672
97.135700
688.323780
787.969628
378.179913
578.019855
264.313660
600.616797
210.142602
146.498483
57.533879
136.363221
794.565708
786.712603
504.484340
791.787212
424.975959
765.776565
269.864336
146.019480
219.835883
592.194429
468.100925
319.189156
488.188487
447.073367
120.713766
771.232992
24.694653
176.864090
611.417566
678.681631
689.526158
444.984419
375.413582
687.220564
797.707116
443.952498
436.608686
466.241048
463.840692
395.202449
208.101823
660.871577
459.072906
755.221654
674.989283
630.455777
418.009936
234.279360
133.093308
329.779824
629.493522
27.050723
132.562566
342.493503
764.139309
639.678692
641.206014
724.344696
248.749243
155.494947
480.363229
759.356811
552.814818
698.025263
200.893295
241.089871
373.160991
283.919800
169.850921
112.780774
538.823657
157.540264
684.683709
421.796840
760.999892
785.822571
430.709721
4.187915
414.611637
355.604804
304.187240
133.834350
98.293698
712.416065
724.318782
439.610742
596.758450
71.647888
791.096989
374.140785
139.321393
531.550140
362.789248
416.933066
553.736630
784.172742
788.129017
498.385154
374.534637
495.079313
556.800399
46.834801
308.763628
678.207744
723.408956
320.369124
21.445178
524.029952
423.232633
677.762647
224.920651
584.488729
192.075129
242.017919
339.923720
685.030024
633.893093
279.598722
545.741967
324.926950
345.558541
201.459862
207.532075
601.839866
512.611811
739.696197
259.508687
320.837255
735.101188
441.698552
377.937991
143.398522
683.503140
750.089572
222.241442
545.987312
680.970163
393.123544
501.345899
233.324603
279.445981
671.251513
742.908486
350.103755
201.460003
614.400843
360.051780
287.125938
494.056871
359.363712
244.889361
777.467599
228.809417
713.911338
529.567457
123.697044
137.501168
488.154054
119.613112
792.973851
534.122928
120.634689
595.572231
251.893435
34.623352
267.768315
29.898676
530.516177
154.843171
406.003315
611.399897
354.881209
755.273382
535.648503
291.164607
481.238236
209.010431
135.627406
224.273808
420.603163
529.195169
449.185018
588.479939
210.755680
202.558129
1.855082
651.139618
494.613926
193.552795
530.176642
619.271198
38.600226
744.808969
548.938270
397.860345
361.033281
789.177234
468.560564
700.901252
295.370871
331.392366
426.330115
796.350189
269.829775
612.604973
467.193643
474.364617
746.477665
88.045167
762.730023
569.431275
277.801112
17.896380
514.976752
444.529622
541.371032
9.195917
396.515981
152.586174
272.815210
184.931321
647.719705
110.593627
30.346979
683.001453
81.001913
726.826023
604.374551
698.823087
16.882030
319.866550
69.910540
724.015229
157.646254
207.175586
544.813811
232.941024
220.896955
742.000724
71.475949
350.765821
531.338111
253.873496
43.353360
81.347226
347.090830
785.764720
121.576848
794.648673
242.957672
723.290291
523.476898
391.336801
662.373899
486.827742
63.714448
434.868601
564.674300
52.088334
5.380220
416.528518
11.785530
328.087599
198.495212
330.802400
165.435118
505.319154
143.563287
577.743358
523.802744
565.948802
163.640314
220.227196
426.765233
764.138401
414.617675
540.405580
391.061014
669.455811
519.235468
631.743993
581.766659
586.315434
205.380212
239.246415
472.139810
356.741964
657.071782
558.152048
410.978133
17.365139
713.522550
621.351490
80.564349
724.819564
685.119114
149.761796
279.978339
263.924040
647.405462
55.218191
17.817323
527.690473
52.039897
673.619722
287.272466
57.676103
112.445427
477.764656
356.533472
762.811515
660.896271
329.146786
651.674974
258.612115
650.119989
179.238180
7.237322
774.056651
583.045253
366.548387
59.286890
101.153478
368.160448
257.238005
641.060149
2.575366
665.172891
286.477595
798.110074
664.134147
350.091791
10.232468
62.456533
156.502784
372.084437
465.073159
752.870478
298.640014
80.571392
473.413108
443.725080
452.438567
272.700257
347.364112
717.976501
259.866792
119.567001
516.306790
735.416018
291.949752
672.804107
429.470239
770.698772
295.280650
557.324958
629.155228
53.908231
613.808961
143.972474
162.147136
668.380738
317.854978
429.024164
757.294329
687.652593
701.672211
230.505793
544.075525
406.337164
440.420614
36.672541
603.636606
512.096358
648.431282
107.794664
397.017207
18.469047
726.025938
262.113795
494.935206
383.141503
312.034827
729.863606
279.941932
52.785726
772.295030
248.438999
541.544869
128.423648
796.046374
559.866096
634.261096
775.144501
273.957884
636.918828
206.006830
73.793023
2.783824
408.411353
367.735956
322.692232
368.497412
140.162016
196.097446
379.521654
727.960090
542.249832
702.525920
238.781158
478.741213
631.313649
208.789151
727.190760
203.828093
320.386235
243.144638
400.584876
426.191110
432.140093
639.997652
460.552374
528.456297
341.154857
142.764520
610.336776
194.748839
96.151414
304.132586
471.447588
534.380633
653.664706
608.504986
776.184510
600.334979
303.052021
257.069807
119.084886
539.785509
432.019354
710.548032
208.319681
472.444568
262.852390
581.255143
394.597820
676.590315
85.573370
460.135568
496.639118
95.738582
313.767356
777.215718
7.282460
259.033645
213.736015
457.358590
540.209924
726.610756
786.481576
323.385470
225.772421
719.782245
547.585300
34.600481
719.912241
145.449378
392.736973
215.699244
292.724848
717.930522
631.283355
402.963215
115.700995
540.474960
23.372837
325.646262
362.549262
781.548512
282.601035
510.525622
533.083135
29.710739
778.716636
408.745840
505.130783
10.001141
268.302027
140.675249
50.047321
202.066232
316.560809
724.294083
33.363670
287.596103
607.945141
150.272251
364.511074
751.421656
716.315839
722.196052
536.299816
649.801006
503.563606
177.888650
432.405787
513.641310
329.501761
246.753333
734.737244
543.871567
312.664712
383.409623
583.210495
658.582804
531.760247
455.632308
720.791691
81.715615
170.102193
76.379092
275.877906
257.095546
505.582120
354.960162
746.366230
661.448749
51.476874
64.173105
688.908907
23.535487
514.090114
184.163124
377.236854
140.350466
237.297967
248.160570
157.524218
384.819158
706.509285
543.522718
352.835970
504.392986
259.059481
691.603050
311.646990
685.796223
508.570327
494.054401
657.754597
385.297367
721.697595
359.823176
104.465252
470.382554
559.635276
467.263666
523.926324
104.708642
783.593977
650.488900
605.961198
279.866434
715.141552
407.799979
246.776957
531.441981
515.110525
498.913287
642.835269
764.641427
151.360779
609.995453
438.175716
491.943185
125.833106
166.248942
720.194786
24.460330
633.077422
330.179346
59.668230
632.382561
405.813809
100.707682
639.347209
163.249085
741.786443
437.044739
652.609887
275.466265
177.760070
755.114880
793.844819
308.050686
764.411253
273.515602
122.922856
141.366925
784.812577
739.334511
332.091002
59.056537
746.501321
112.245958
498.346713
401.272830
518.411007
396.118421
35.601437
453.388187
395.938493
453.877689
493.449959
618.830285
521.319758
593.262627
619.454063
210.376300
273.606121
404.021319
317.191931
52.781330
710.930712
401.050399
131.402953
340.611527
240.469363
437.523803
504.542004
167.536642
487.218476
77.373031
553.253440
559.490051
277.542929
385.912069
724.373427
412.917887
378.703388
352.438031
612.947268
391.638808
383.281099
276.614026
293.609354
642.897516
376.534851
216.798075
81.835136
187.999345
357.824330
246.679629
77.255255
190.201094
362.727354
421.318839
137.198031
58.622168
738.182178
420.285781
702.672996
745.669904
116.159155
730.122120
403.558711
60.558885
243.104811
472.011659
558.257933
542.976190
631.566121
335.836866
381.034059
295.263327
123.033102
466.742057
186.975784
305.326908
369.490398
283.037594
145.275720
448.099582
625.997101
654.103350
370.320068
359.797885
755.489475
574.104357
550.844118
224.633980
30.751014
321.205619
294.929339
521.355627
95.624989
1.799242
363.660060
131.750045
200.386980
353.094641
712.099332
64.634469
488.098304
767.016235
282.097448
752.728125
36.539807
531.598920
236.990617
734.973936
633.445133
589.472921
323.088148
10.206500
72.523408
238.685736
461.759315
666.468118
660.087224
234.431804
654.254637
398.199552
424.114848
539.775435
273.990227
210.676960
363.768482
295.689973
567.728282
626.188701
12.637634
448.382632
562.654315
194.403919
378.120757
361.004350
230.354904
653.513233
337.813053
191.209813
80.945246
307.031580
514.878489
284.050117
115.112810
617.759358
139.056726
178.897508
588.537663
490.979194
780.363253
405.600974
254.755757
397.970378
618.476209
191.407939
494.513648
743.639490
268.546086
302.121236
79.265084
126.583338
489.504815
276.402109
47.112226
107.391539
576.291025
364.368320
57.340573
736.659828
145.649300
721.079895
25.016888
292.592374
766.359092
362.819725
790.966828
219.566462
408.310518
482.761821
778.845362
59.244839
746.308719
242.721069
542.580241
220.249385
252.727478
416.485155
283.402884
471.452962
488.077298
209.476291
574.511848
35.648589
787.342905
59.720378
228.016141
370.553603
227.671811
303.515483
137.667771
377.565911
708.996401
261.466494
335.674813
728.219271
360.109791
618.755715
228.830087
564.737899
323.461994
294.416161
339.981327
102.553554
767.564792
299.076063
739.070979
744.028893
500.822277
121.693092
762.203148
18.272542
210.347995
244.461126
305.713188
609.769255
210.874612
124.747203
713.669708
571.746773
141.181064
397.225866
781.799332
170.104757
302.341264
278.690662
434.000337
756.378445
13.764347
131.770278
788.560272
545.555410
759.813604
451.119517
332.373061
720.969018
584.577321
378.686372
332.987904
590.944985
404.654204
773.503158
512.500793
91.812312
495.683815
404.279197
20.121692
385.381903
358.189174
607.168448
733.027691
748.511493
795.213303
160.817346
479.595479
219.166028
543.533225
231.463113
671.684649
314.018767
560.734751
95.023784
408.680479
735.081011
260.076753
73.291686
684.404200
516.865393
300.718618
95.317059
21.626448
518.229677
748.772784
226.702120
258.543285
443.300285
686.468199
47.068718
611.507157
639.513343
440.887593
245.431625
699.976355
494.891465
443.833053
49.854853
267.848341
367.994897
776.350522
258.865632
551.939216
51.264329
88.781946
473.951487
585.784986
700.893825
705.597359
310.650123
704.753665
16.554664
248.926708
692.317522
764.020115
185.642635
52.284052
232.163441
154.893752
481.550919
7.878546
193.903970
494.060588
126.128138
70.265771
302.806724
526.068034
66.212117
270.302635
549.074687
519.701699
724.229880
142.259834
762.545021
615.274229
162.118061
572.806588
64.000834
324.160642
119.182514
228.047910
769.238200
686.233637
169.207229
602.898634
128.062381
52.314235
531.514615
547.550775
50.593833
106.779712
552.487720
34.962776
201.859354
736.960208
665.400227
315.756528
349.899234
552.182453
465.610145
624.317842
445.204836
22.793973
778.315476
235.211426
556.842690
402.071259
12.256090
581.550272
216.895492
222.923365
11.508554
290.565788
678.117314
620.646740
449.761162
5.610816
240.398097
785.462408
453.435151
3.824896
51.779886
240.891215
403.255160
616.177392
235.082200
278.493627
197.736617
519.431522
272.095791
406.245520
749.225336
405.186390
758.621912
220.151940
730.991120
669.955028
670.999010
258.096979
653.424166
186.821508
612.314466
666.721133
705.893518
520.022670
42.723777
556.966049
248.259648
438.925748
301.384546
287.711578
488.767454
520.712370
144.900638
315.729380
643.115798
131.556983
578.517584
740.507336
31.343990
421.194211
761.276376
306.044589
629.335012
328.295356
576.295092
707.302128
186.833317
704.254148
530.237543
340.575526
333.629074
70.034552
113.196974
7.056831
394.471410
401.064932
593.369906
267.174719
591.050285
550.280643
54.755588
420.906171
452.073827
633.388115
174.762982
729.201998
533.635121
287.983952
216.875701
662.081595
657.341959
256.375032
211.230523
760.337310
529.330605
86.575118
134.227244
641.756244
686.353242
715.519095
625.450317
343.157777
83.249657
402.272998
254.455973
367.536284
436.784976
361.770029
312.097307
2.385252
397.524046
761.939987
14.907438
337.456136
787.685329
727.746413
347.357805
264.008567
726.213261
783.576028
289.629563
567.705749
635.889615
761.770099
185.568512
639.859454
687.304967
453.278685
272.613137
344.966511
101.927464
164.771572
230.371285
635.096512
107.373644
490.763926
417.705528
689.848711
66.892826
759.218924
257.068819
50.391615
7.565865
503.030276
31.858371
35.878231
47.049792
164.189651
64.925789
366.452844
293.829375
445.008010
247.278114
183.855988
252.504863
517.744739
133.522022
604.495274
560.138214
659.256582
113.194446
771.036185
210.864849
102.496274
115.541161
90.157140
678.098178
195.572153
203.679462
331.038856
195.792068
654.989704
23.914102
524.590626
699.632924
624.561539
564.508104
632.134305
106.142694
599.525869
59.762793
259.666685
279.921162
578.632996
493.807067
726.754475
237.718987
124.853331
647.882259
119.782163
34.338997
415.018836
143.801000
112.910001
349.188092
728.827498
650.032813
236.264371
451.213534
735.498029
436.341001
116.631935
125.249082
653.532599
297.922389
740.242220
659.370892
647.876576
759.659932
741.554807
206.125776
369.463178
648.285788
623.824669
723.628549
394.567138
723.227062
663.215740
604.421712
227.506938
269.427061
489.079584
9.517262
428.236888
658.827494
198.458755
516.233712
336.661368
280.822440
361.605928
117.621195
515.586002
317.255382
686.424550
431.968903
279.591717
156.704429
54.321433
197.922473
33.455190
60.653480
49.950196
480.588683
485.456676
629.421285
490.774676
597.187312
241.450883
728.266011
560.863224
42.714982
58.550319
272.542019
783.140449
574.233687
321.949619
28.404649
570.811679
475.949728
4.676836
195.857728
545.885062
528.019066
196.325034
525.619681
315.256628
192.121622
731.293853
120.924145
370.748115
409.576792
33.736976
124.090690
676.577391
706.109308
788.181068
70.169264
238.605321
408.064964
535.398384
663.739749
532.625730
286.806522
268.189994
373.344168
538.481321
242.090139
110.598987
407.283593
692.479690
306.795648
265.891210
20.290257
195.634392
613.818258
74.545760
578.416349
531.831442
166.582071
61.229837
344.929084
648.563608
187.152250
257.612606
70.022427
225.942822
17.518899
91.669768
750.236578
474.016835
531.487924
157.695674
535.822369
595.300580
472.437153
303.545111
528.470301
347.856023
769.294614
66.132114
271.961948
349.252112
191.424776
782.268529
174.005384
409.974246
431.937521
622.193117
230.479240
241.652669
475.826966
582.808959
684.587214
440.656825
263.499674
614.469850
505.097850
685.988148
762.158369
505.178878
351.924858
46.957677
628.315609
204.106987
478.384920
128.097170
440.548742
466.172917
89.795488
478.295435
556.553284
658.767974
657.339939
113.538840
562.854217
309.041701
368.498894
698.919392
84.053032
660.576994
4.833167
756.399448
349.271554
145.372066
158.366160
50.925356
130.756673
490.166899
439.563483
300.019099
121.562677
675.101944
168.998952
110.834894
14.773728
103.197433
173.768372
655.451591
162.362522
84.250750
628.700905
72.584465
242.011403
522.638171
171.204553
129.769452
457.603397
260.801875
517.315698
125.308787
47.062899
642.377296
230.490295
135.562315
22.915741
31.004038
675.669488
2.290448
210.478286
751.041903
424.633646
556.802411
499.410498
577.779047
83.052923
640.701912
353.365708
397.879085
361.804034
47.029933
18.750433
300.676534
34.113565
112.705388
601.083972
45.372641
149.099584
476.650151
445.307262
246.051108
563.681875
330.653615
665.957367
147.603618
453.958923
537.914866
344.507506
89.691396
697.673144
633.767893
29.513136
550.053950
709.638709
616.570226
191.226802
679.811313
215.931683
664.173178
553.337811
28.436356
184.591893
233.714852
54.745021
89.179806
112.394094
163.684945
289.386194
463.812388
305.649121
766.518939
54.585721
339.806976
140.627385
687.669648
162.967365
83.883585
184.042513
693.397942
519.019355
454.425893
218.383689
570.830078
489.488458
645.387038
39.492383
128.235834
787.226385
590.509510
619.057336
549.410756
440.380150
435.585350
286.494570
449.496906
704.246324
363.615447
446.252187
712.440794
220.592906
793.392761
736.161845
435.728831
518.476315
729.990328
793.812776
364.980621
708.795676
516.877703
24.079052
86.245089
699.071435
200.060019
468.368485
127.577633
295.011477
533.334937
555.404019
729.939022
273.836719
469.373010
465.050308
373.373677
296.802453
348.670741
8.001895
791.569155
468.447053
369.942298
675.222894
567.631119
451.925299
772.352046
696.353238
778.928384
421.512436
195.719998
730.439242
90.450040
545.916627
448.292438
140.593117
639.679998
624.022805
474.175402
287.586478
441.772349
730.188802
29.021148
733.396664
19.103814
154.838957
797.012931
121.826396
651.616583
57.230049
390.902521
774.568344
789.550444
393.210281
398.968972
268.840431
183.169395
673.082382
484.781520
510.282590
390.298292
324.554866
704.280827
639.037397
567.819547
695.361882
276.887031
300.405274
230.268571
172.790284
637.930209
668.976783
53.566184
168.809591
708.494505
85.076394
640.505804
610.716250
248.700877
18.391820
598.269854
51.922226
589.583816
208.222841
494.639765
201.596735
174.779214
311.499673
617.974519
467.803809
770.644418
714.111438
442.242207
13.759748
680.423961
390.596133
67.802640
451.091511
298.043411
7.565709
673.010246
584.042159
709.806684
776.940745
549.794453
207.532425
788.977290
236.233184
310.410723
690.698973
134.742266
515.849462
144.429152
700.121700
756.579777
33.697734
661.631009
80.951686
536.829276
699.099061
52.684706
365.869779
202.252582
76.049846
75.719437
114.591526
86.800951
206.408970
679.503294
414.981194
193.892368
160.051265
232.505113
183.251937
20.385071
272.581713
259.984445
122.659941
555.529055
424.238369
203.660383
187.146823
437.140820
322.670401
431.028018
258.400623
431.826396
506.020952
243.094434
730.424304
539.039814
396.912128
194.471776
563.212918
647.300939
666.866722
127.346614
565.564755
140.725751
719.181308
321.999698
269.638015
681.663021
746.987284
589.035369
508.185219
748.725233
572.545223
456.763919
450.579427
447.125693
278.838500
714.646548
71.308144
772.538346
99.075951
162.362818
20.775185
786.476914
220.962696
449.658060
646.505259
751.784915
85.738388
367.750638
234.936152
740.421215
132.600076
58.584863
161.424101
703.101318
166.358001
523.154025
263.688994
508.846385
385.227990
409.151551
651.730663
427.642357
32.530864
297.137170
491.691730
243.139590
620.830169
43.427747
796.147239
571.181552
434.416355
460.785098
504.417469
406.332316
586.425205
309.199202
590.131223
467.510944
398.237828
657.486990
620.399727
391.327669
601.612962
116.768483
106.747215
9.240058
155.296702
21.179888
207.868088
171.937731
190.451333
752.356007
67.573876
637.118221
186.025567
210.129516
659.644944
361.443060
246.235142
569.808524
797.830798
687.685189
77.723360
374.672065
424.099922
557.501262
42.811466
66.883289
789.117822
366.797958
200.456781
538.964454
732.159695
766.988953
79.900547
581.420578
268.480572
448.449981
495.828430
747.219804
771.159086
175.946201
587.496553
552.727930
401.051012
564.294563
585.536596
1.584287
177.933512
247.843573
88.979905
511.015025
353.614985
405.628403
19.154872
21.631629
775.064400
690.783578
665.605962
52.364071
579.145487
315.006536
39.906454
225.280583
762.409296
425.871502
245.563568
734.240548
715.693752
564.650956
366.912848
386.155696
285.433416
239.534030
730.494928
312.836335
582.606675
423.950185
709.581037
242.429592
755.417508
183.295597
229.718487
591.665320
203.275097
113.538752
160.840933
656.994164
268.814388
208.070316
37.847838
67.086263
578.235530
622.232926
368.158920
601.499353
749.693825
328.161231
575.623159
389.337794
90.863024
27.928092
529.511716
218.096203
446.453573
268.571489
707.416485
735.039230
474.618685
768.068499
199.917080
49.515337
460.060991
12.320254
229.322210
422.047292
350.870115
90.585932
201.681264
618.988798
31.385666
53.102190
797.874124
797.508645
78.616662
4.125523
392.778868
434.295970
700.038711
743.981597
415.861831
426.725447
264.270505
417.821806
116.470055
187.455200
745.794463
536.067557
203.977675
142.269220
476.940112
478.057286
445.980926
671.154185
117.182488
42.300247
523.694754
727.281363
298.534837
158.324817
297.935629
357.597808
621.957305
596.227015
147.657914
219.192567
297.095088
146.195729
284.512966
156.088045
421.249668
707.987456
584.135136
168.777379
485.630523
475.296733
124.110510
61.256712
424.166642
514.860103
577.427331
281.657742
356.346883
14.387545
513.221649
442.783333
168.754788
135.803920
61.955706
102.759814
795.142710
696.095014
773.989317
663.928360
102.221516
583.345637
700.263690
377.077789
334.504152
93.586357
544.012160
772.055355
380.012929
542.325446
234.608310
224.291221
131.830239
96.724209
179.412480
343.272057
773.807054
15.123220
4.550422
489.852066
245.167173
104.873355
554.004871
159.697214
441.785371
369.828568
193.670538
38.318883
221.082820
260.201706
474.467017
63.036526
193.737551
432.034635
741.389202
624.894509
639.522458
727.840811
788.965778
644.108625
551.542707
40.812954
632.631969
446.989546
115.696955
412.855650
542.063542
778.815764
23.034502
696.673179
224.301461
696.631147
641.706660
620.519785
238.984611
84.584383
47.552938
204.839512
283.689692
91.914285
333.044934
363.770119
656.909401
602.484271
99.551443
284.882929
673.660628
196.537409
587.112228
527.046333
489.379816
519.776007
78.892168
748.299074
66.480675
231.730841
540.979921
115.656691
144.336745
650.497536
206.748749
244.228266
141.801624
533.428405
721.671628
378.820923
288.321199
492.635118
780.469659
58.717709
138.294256
148.135257
766.606847
744.183555
467.517754
780.505728
217.670057
519.378245
282.294971
471.354486
332.042584
445.804714
250.835304
231.134064
613.663353
455.532268
